2019-09-09-19-33-21.884261 60 0 0 0
2019-09-09-19-33-22.050077 71 0 0 0
2019-09-09-19-33-22.091488 76 0 0 0
2019-09-09-19-33-22.141565 68 0 0 0
2019-09-09-19-33-22.191606 55 0 0 0
2019-09-09-19-33-22.240058 -13 0 0 0
2019-09-09-19-33-22.291401 4 0 0 0
2019-09-09-19-33-22.338323 7 0 0 0
2019-09-09-19-33-22.384269 27 0 0 0
2019-09-09-19-33-22.434549 42 0 0 0
2019-09-09-19-33-22.488400 -24 0 0 0
2019-09-09-19-33-22.537811 25 0 0 0
2019-09-09-19-33-22.585531 41 0 0 0
2019-09-09-19-33-22.635773 -8 0 0 0
2019-09-09-19-33-22.685693 65 0 0 0
2019-09-09-19-33-22.739118 36 0 0 0
2019-09-09-19-33-22.786822 20 0 0 0
2019-09-09-19-33-22.837517 43 0 0 0
2019-09-09-19-33-22.889841 22 0 0 0
2019-09-09-19-33-22.938362 26 0 0 0
2019-09-09-19-33-22.984311 28 0 0 0
2019-09-09-19-33-23.038349 28 0 0 0
2019-09-09-19-33-23.100128 25 0 0 0
2019-09-09-19-33-23.154030 25 0 0 0
2019-09-09-19-33-23.203791 66 0 0 0
2019-09-09-19-33-23.253009 36 0 0 0
2019-09-09-19-33-23.304832 98 0 0 0
2019-09-09-19-33-23.355645 35 0 0 0
2019-09-09-19-33-23.400864 26 0 0 0
2019-09-09-19-33-23.452736 54 0 0 0
2019-09-09-19-33-23.505349 -44 0 0 0
2019-09-09-19-33-23.552460 12 0 0 0
2019-09-09-19-33-23.605358 36 0 0 0
2019-09-09-19-33-23.651459 58 0 0 0
2019-09-09-19-33-23.702365 24 0 0 0
2019-09-09-19-33-23.754745 -3 0 0 0
2019-09-09-19-33-23.800221 9 0 0 0
2019-09-09-19-33-23.853892 41 0 0 0
2019-09-09-19-33-23.904882 19 0 0 0
2019-09-09-19-33-23.954758 88 0 0 0
2019-09-09-19-33-24.005858 36 0 0 0
2019-09-09-19-33-24.052397 33 0 0 0
2019-09-09-19-33-24.105088 50 0 0 0
2019-09-09-19-33-24.154723 10 0 0 0
2019-09-09-19-33-24.204299 4 0 0 0
2019-09-09-19-33-24.257094 35 0 0 0
2019-09-09-19-33-24.301400 29 0 0 0
2019-09-09-19-33-24.354185 0 0 0 0
2019-09-09-19-33-24.404525 83 0 0 0
2019-09-09-19-33-24.454827 22 0 0 0
2019-09-09-19-33-24.502221 36 0 0 0
2019-09-09-19-33-24.550748 21 0 0 0
2019-09-09-19-33-24.623595 53 0 0 0
2019-09-09-19-33-24.670130 33 0 0 0
2019-09-09-19-33-24.720093 36 30 51 0
2019-09-09-19-33-24.767632 0 30 51 0
2019-09-09-19-33-24.820980 0 30 51 0
2019-09-09-19-33-24.869450 49 30 51 0
2019-09-09-19-33-24.917779 20 30 51 0
2019-09-09-19-33-24.970041 -27 30 51 0
2019-09-09-19-33-25.019317 19 30 51 0
2019-09-09-19-33-25.071287 36 30 51 0
2019-09-09-19-33-25.122255 60 30 51 0
2019-09-09-19-33-25.172225 45 30 51 0
2019-09-09-19-33-25.220882 52 30 51 0
2019-09-09-19-33-25.272581 1 30 51 0
2019-09-09-19-33-25.316968 27 30 51 0
2019-09-09-19-33-25.371607 27 30 51 0
2019-09-09-19-33-25.416718 16 30 51 0
2019-09-09-19-33-25.467725 75 30 51 0
2019-09-09-19-33-25.519480 43 30 51 0
2019-09-09-19-33-25.568017 37 30 51 0
2019-09-09-19-33-25.620698 54 30 51 0
2019-09-09-19-33-25.672247 43 30 51 0
2019-09-09-19-33-25.724210 13 54 54 0
2019-09-09-19-33-25.769315 -4 54 54 0
2019-09-09-19-33-25.819921 -33 54 54 0
2019-09-09-19-33-25.872467 -11 54 54 0
2019-09-09-19-33-25.917198 48 54 54 0
2019-09-09-19-33-25.969098 10 54 54 0
2019-09-09-19-33-26.019724 10 54 54 0
2019-09-09-19-33-26.071852 6 54 54 0
2019-09-09-19-33-26.118881 171 54 54 0
2019-09-09-19-33-26.168182 279 54 54 0
2019-09-09-19-33-26.220107 -54 54 54 0
2019-09-09-19-33-26.270340 -188 54 54 0
2019-09-09-19-33-26.317702 -40 54 54 0
2019-09-09-19-33-26.369088 0 54 54 0
2019-09-09-19-33-26.422355 71 54 54 0
2019-09-09-19-33-26.471782 53 54 54 0
2019-09-09-19-33-26.522338 66 54 54 0
2019-09-09-19-33-26.570636 44 54 54 0
2019-09-09-19-33-26.616767 51 54 54 0
2019-09-09-19-33-26.671353 35 54 54 0
2019-09-09-19-33-26.719956 39 37 54 0
2019-09-09-19-33-26.771713 55 37 54 0
2019-09-09-19-33-26.819509 25 37 54 0
2019-09-09-19-33-26.867274 19 37 54 0
2019-09-09-19-33-26.921128 -6 37 54 0
2019-09-09-19-33-26.968223 -4 37 54 0
2019-09-09-19-33-27.022545 27 37 54 0
2019-09-09-19-33-27.071518 16 37 54 0
2019-09-09-19-33-27.118130 19 37 54 0
2019-09-09-19-33-27.168031 13 37 54 0
2019-09-09-19-33-27.220491 51 37 54 0
2019-09-09-19-33-27.270979 42 37 54 0
2019-09-09-19-33-27.319415 18 37 54 0
2019-09-09-19-33-27.369797 29 37 54 0
2019-09-09-19-33-27.422116 36 37 54 0
2019-09-09-19-33-27.471954 42 37 54 0
2019-09-09-19-33-27.521806 56 37 54 0
2019-09-09-19-33-27.571846 49 37 54 0
2019-09-09-19-33-27.623063 44 37 54 0
2019-09-09-19-33-27.672941 -1 41 67 0
2019-09-09-19-33-27.717873 16 41 67 0
2019-09-09-19-33-27.767642 22 41 67 0
2019-09-09-19-33-27.816065 38 41 67 0
2019-09-09-19-33-27.867373 16 41 67 0
2019-09-09-19-33-27.920110 42 41 67 0
2019-09-09-19-33-27.972756 10 41 67 0
2019-09-09-19-33-28.021793 21 41 67 0
2019-09-09-19-33-28.068736 -14 41 67 0
2019-09-09-19-33-28.116197 32 41 67 0
2019-09-09-19-33-28.167693 6 41 67 0
2019-09-09-19-33-28.220017 9 41 67 0
2019-09-09-19-33-28.272754 41 41 67 0
2019-09-09-19-33-28.320984 41 41 67 0
2019-09-09-19-33-28.369963 42 41 67 0
2019-09-09-19-33-28.418828 55 41 67 0
2019-09-09-19-33-28.474409 26 41 67 0
2019-09-09-19-33-28.527097 61 41 67 0
2019-09-09-19-33-28.579076 104 41 67 0
2019-09-09-19-33-28.629866 264 41 67 0
2019-09-09-19-33-28.678324 -86 56 74 0
2019-09-09-19-33-28.745732 -183 56 74 0
2019-09-09-19-33-28.791631 -78 56 74 0
2019-09-09-19-33-28.837076 48 56 74 0
2019-09-09-19-33-28.889895 70 56 74 0
2019-09-09-19-33-28.938621 53 56 74 0
2019-09-09-19-33-28.992239 73 56 74 0
2019-09-09-19-33-29.044254 7 56 74 0
2019-09-09-19-33-29.096800 55 56 74 0
2019-09-09-19-33-29.154751 40 56 74 0
2019-09-09-19-33-29.202629 38 56 74 0
2019-09-09-19-33-29.255515 61 56 74 0
2019-09-09-19-33-29.304388 49 56 74 0
2019-09-09-19-33-29.357702 100 56 74 0
2019-09-09-19-33-29.402584 16 56 74 0
2019-09-09-19-33-29.454455 4 56 74 0
2019-09-09-19-33-29.505633 21 56 74 0
2019-09-09-19-33-29.550404 53 56 74 0
2019-09-09-19-33-29.604409 53 56 74 0
2019-09-09-19-33-29.650560 27 21 83 0
2019-09-09-19-33-29.704324 60 21 83 0
2019-09-09-19-33-29.759225 39 21 83 0
2019-09-09-19-33-29.812022 4 21 83 0
2019-09-09-19-33-29.875306 18 21 83 0
2019-09-09-19-33-29.924924 43 21 83 0
2019-09-09-19-33-29.971882 54 21 83 0
2019-09-09-19-33-30.022443 25 21 83 0
2019-09-09-19-33-30.071490 71 21 83 0
2019-09-09-19-33-30.125687 71 21 83 0
2019-09-09-19-33-30.176619 18 21 83 0
2019-09-09-19-33-30.224062 9 21 83 0
2019-09-09-19-33-30.269805 66 21 83 0
2019-09-09-19-33-30.321035 50 21 83 0
2019-09-09-19-33-30.371484 77 21 83 0
2019-09-09-19-33-30.419742 5 21 83 0
2019-09-09-19-33-30.470448 -7 21 83 0
2019-09-09-19-33-30.522697 -71 21 83 0
2019-09-09-19-33-30.572463 26 21 83 0
2019-09-09-19-33-30.620769 55 21 83 0
2019-09-09-19-33-30.673825 12 47 87 0
2019-09-09-19-33-30.719924 35 47 87 0
2019-09-09-19-33-30.803102 16 47 87 0
2019-09-09-19-33-30.856346 51 47 87 0
2019-09-09-19-33-30.906601 12 47 87 0
2019-09-09-19-33-30.957207 56 47 87 0
2019-09-09-19-33-31.007270 43 47 87 0
2019-09-09-19-33-31.052942 -1 47 87 0
2019-09-09-19-33-31.103004 -1 47 87 0
2019-09-09-19-33-31.156472 12 47 87 0
2019-09-09-19-33-31.204324 56 47 87 0
2019-09-09-19-33-31.255637 5 47 87 0
2019-09-09-19-33-31.307683 43 47 87 0
2019-09-09-19-33-31.353492 24 47 87 0
2019-09-09-19-33-31.407472 24 47 87 0
2019-09-09-19-33-31.453326 32 47 87 0
2019-09-09-19-33-31.504874 29 47 87 0
2019-09-09-19-33-31.552763 9 47 87 0
2019-09-09-19-33-31.603670 42 47 87 0
2019-09-09-19-33-31.657229 25 51 91 0
2019-09-09-19-33-31.705758 26 51 91 0
2019-09-09-19-33-31.756477 39 51 91 0
2019-09-09-19-33-31.806835 25 51 91 0
2019-09-09-19-33-31.852921 26 51 91 0
2019-09-09-19-33-31.906547 32 51 91 0
2019-09-09-19-33-31.964023 35 51 91 0
2019-09-09-19-33-32.015987 52 51 91 0
2019-09-09-19-33-32.069379 45 51 91 0
2019-09-09-19-33-32.121210 34 51 91 0
2019-09-09-19-33-32.169526 -19 51 91 0
2019-09-09-19-33-32.222615 28 51 91 0
2019-09-09-19-33-32.271319 9 51 91 0
2019-09-09-19-33-32.319829 40 51 91 0
2019-09-09-19-33-32.369049 37 51 91 0
2019-09-09-19-33-32.423335 64 51 91 0
2019-09-09-19-33-32.471735 19 51 91 0
2019-09-09-19-33-32.522649 42 51 91 0
2019-09-09-19-33-32.570571 16 51 91 0
2019-09-09-19-33-32.619099 32 56 88 0
2019-09-09-19-33-32.667988 33 56 88 0
2019-09-09-19-33-32.722736 43 56 88 0
2019-09-09-19-33-32.767963 -9 56 88 0
2019-09-09-19-33-32.819325 40 56 88 0
2019-09-09-19-33-32.868580 91 56 88 0
2019-09-09-19-33-32.926616 91 56 88 0
2019-09-09-19-33-32.976647 55 56 88 0
2019-09-09-19-33-33.028042 50 56 88 0
2019-09-09-19-33-33.080857 70 56 88 0
2019-09-09-19-33-33.134033 33 56 88 0
2019-09-09-19-33-33.185629 -23 56 88 0
2019-09-09-19-33-33.236299 0 56 88 0
2019-09-09-19-33-33.287387 6 56 88 0
2019-09-09-19-33-33.335995 6 56 88 0
2019-09-09-19-33-33.387265 25 56 88 0
2019-09-09-19-33-33.440368 26 56 88 0
2019-09-09-19-33-33.492457 35 56 88 0
2019-09-09-19-33-33.556600 8 56 88 0
2019-09-09-19-33-33.609530 8 56 88 0
2019-09-09-19-33-33.657766 -17 74 88 0
2019-09-09-19-33-33.709871 -36 74 88 0
2019-09-09-19-33-33.754795 82 74 88 0
2019-09-09-19-33-33.804512 61 74 88 0
2019-09-09-19-33-33.853717 81 74 88 0
2019-09-09-19-33-33.902825 50 74 88 0
2019-09-09-19-33-33.953971 25 74 88 0
2019-09-09-19-33-34.003170 39 74 88 0
2019-09-09-19-33-34.058016 36 74 88 0
2019-09-09-19-33-34.108405 49 74 88 0
2019-09-09-19-33-34.159333 -1 74 88 0
2019-09-09-19-33-34.209715 -57 74 88 0
2019-09-09-19-33-34.258702 116 74 88 0
2019-09-09-19-33-34.307455 56 74 88 0
2019-09-09-19-33-34.380733 74 74 88 0
2019-09-09-19-33-34.435063 58 74 88 0
2019-09-09-19-33-34.488096 103 74 88 0
2019-09-09-19-33-34.536998 68 74 88 0
2019-09-09-19-33-34.588087 -3 74 88 0
2019-09-09-19-33-34.638194 19 66 88 0
2019-09-09-19-33-34.690142 7 66 88 0
2019-09-09-19-33-34.738619 33 66 88 0
2019-09-09-19-33-34.786628 50 66 88 0
2019-09-09-19-33-34.837063 17 66 88 0
2019-09-09-19-33-34.889180 -19 66 88 0
2019-09-09-19-33-34.937707 -21 66 88 0
2019-09-09-19-33-34.987567 73 66 88 0
2019-09-09-19-33-35.036232 116 66 88 0
2019-09-09-19-33-35.088462 82 66 88 0
2019-09-09-19-33-35.134977 -6 66 88 0
2019-09-09-19-33-35.187758 -22 66 88 0
2019-09-09-19-33-35.236766 20 66 88 0
2019-09-09-19-33-35.290334 32 66 88 0
2019-09-09-19-33-35.336292 52 66 88 0
2019-09-09-19-33-35.386958 74 66 88 0
2019-09-09-19-33-35.437481 61 66 88 0
2019-09-09-19-33-35.487264 59 66 88 0
2019-09-09-19-33-35.534960 66 66 88 0
2019-09-09-19-33-35.588893 66 66 88 0
2019-09-09-19-33-35.642426 58 66 88 0
2019-09-09-19-33-35.692162 -13 64 66 0
2019-09-09-19-33-35.742154 -3 64 66 0
2019-09-09-19-33-35.791502 19 64 66 0
2019-09-09-19-33-35.837378 91 64 66 0
2019-09-09-19-33-35.888543 -60 64 66 0
2019-09-09-19-33-35.941308 -58 64 66 0
2019-09-09-19-33-35.990043 72 64 66 0
2019-09-09-19-33-36.040860 67 64 66 0
2019-09-09-19-33-36.088303 12 64 66 0
2019-09-09-19-33-36.145839 41 64 66 0
2019-09-09-19-33-36.200798 54 64 66 0
2019-09-09-19-33-36.254398 42 64 66 0
2019-09-09-19-33-36.303210 48 64 66 0
2019-09-09-19-33-36.354000 -28 64 66 0
2019-09-09-19-33-36.406945 22 64 66 0
2019-09-09-19-33-36.454512 -6 64 66 0
2019-09-09-19-33-36.506558 44 64 66 0
2019-09-09-19-33-36.559354 177 64 66 0
2019-09-09-19-33-36.608215 24 64 66 0
2019-09-09-19-33-36.654790 38 51 44 0
2019-09-09-19-33-36.707297 67 51 44 0
2019-09-09-19-33-36.759716 90 51 44 0
2019-09-09-19-33-36.811604 45 51 44 0
2019-09-09-19-33-36.861459 -27 51 44 0
2019-09-09-19-33-36.914869 -2 51 44 0
2019-09-09-19-33-36.967468 -82 51 44 0
2019-09-09-19-33-37.022584 -24 51 44 0
2019-09-09-19-33-37.068724 106 51 44 0
2019-09-09-19-33-37.119683 50 51 44 0
2019-09-09-19-33-37.172283 -53 51 44 0
2019-09-09-19-33-37.232435 21 51 44 0
2019-09-09-19-33-37.286926 107 51 44 0
2019-09-09-19-33-37.339236 102 51 44 0
2019-09-09-19-33-37.390209 61 51 44 0
2019-09-09-19-33-37.451181 28 51 44 0
2019-09-09-19-33-37.501949 67 51 44 0
2019-09-09-19-33-37.552435 74 51 44 0
2019-09-09-19-33-37.605077 -69 51 44 0
2019-09-09-19-33-37.658630 72 38 26 0
2019-09-09-19-33-37.708130 68 38 26 0
2019-09-09-19-33-37.757954 36 38 26 0
2019-09-09-19-33-37.810990 105 38 26 0
2019-09-09-19-33-37.883496 128 38 26 0
2019-09-09-19-33-37.939673 60 38 26 0
2019-09-09-19-33-37.989499 -57 38 26 0
2019-09-09-19-33-38.036460 -152 38 26 0
2019-09-09-19-33-38.088711 -42 38 26 0
2019-09-09-19-33-38.140524 6 38 26 0
2019-09-09-19-33-38.191838 247 38 26 0
2019-09-09-19-33-38.242166 -1043 38 26 0
2019-09-09-19-33-38.291297 -1739 38 26 0
2019-09-09-19-33-38.370723 -549 38 26 0
2019-09-09-19-33-38.422355 -59 38 26 0
2019-09-09-19-33-38.468564 311 38 26 0
2019-09-09-19-33-38.520106 2047 38 26 0
2019-09-09-19-33-38.570199 -915 38 26 0
2019-09-09-19-33-38.619498 2047 38 26 0
2019-09-09-19-33-38.671485 1325 38 26 0
2019-09-09-19-33-38.735375 555 38 26 0
2019-09-09-19-33-38.788500 171 38 26 0
2019-09-09-19-33-38.840726 97 38 26 0
2019-09-09-19-33-38.890551 43 38 26 0
2019-09-09-19-33-38.940846 36 38 26 0
2019-09-09-19-33-38.990256 33 38 26 0
2019-09-09-19-33-39.036795 28 38 26 0
2019-09-09-19-33-39.087795 23 38 26 0
2019-09-09-19-33-39.139625 16 38 26 0
2019-09-09-19-33-39.186516 4 38 26 0
2019-09-09-19-33-39.237843 -20 38 26 0
2019-09-09-19-33-39.289252 -29 38 26 0
2019-09-09-19-33-39.340750 -41 38 26 0
2019-09-09-19-33-39.392865 -84 38 26 0
2019-09-09-19-33-39.453367 -91 38 26 0
2019-09-09-19-33-39.507047 -82 38 26 0
2019-09-09-19-33-39.576175 -76 38 26 0
2019-09-09-19-33-39.629233 -81 38 26 0
2019-09-09-19-33-39.681368 -97 38 26 0
2019-09-09-19-33-39.734997 -93 38 26 0
2019-09-09-19-33-39.789507 -129 38 26 0
2019-09-09-19-33-39.838387 -121 38 26 0
2019-09-09-19-33-39.887264 -87 38 26 0
2019-09-09-19-33-39.939881 -53 38 26 0
2019-09-09-19-33-39.985878 -90 38 26 0
2019-09-09-19-33-40.037937 -56 38 26 0
2019-09-09-19-33-40.087940 -56 38 26 0
2019-09-09-19-33-40.142880 -94 38 26 0
2019-09-09-19-33-40.190676 -27 38 26 0
2019-09-09-19-33-40.238036 -44 38 26 0
2019-09-09-19-33-40.288570 -60 38 26 0
2019-09-09-19-33-40.342187 25 38 26 0
2019-09-09-19-33-40.397223 -89 38 26 0
2019-09-09-19-33-40.449442 -59 38 26 0
2019-09-09-19-33-40.506464 25 38 26 0
2019-09-09-19-33-40.573164 26 38 26 0
2019-09-09-19-33-40.626520 -27 54 24 0
2019-09-09-19-33-40.677638 -9 54 24 0
2019-09-09-19-33-40.754764 32 54 24 0
2019-09-09-19-33-40.806447 136 54 24 0
2019-09-09-19-33-40.858019 54 54 24 0
2019-09-09-19-33-40.904597 50 54 24 0
2019-09-09-19-33-40.955485 -10 54 24 0
2019-09-09-19-33-41.018630 220 54 24 0
2019-09-09-19-33-41.071634 -74 54 24 0
2019-09-09-19-33-41.119970 -135 54 24 0
2019-09-09-19-33-41.171990 -78 54 24 0
2019-09-09-19-33-41.224638 -10 54 24 0
2019-09-09-19-33-41.276370 6 54 24 0
2019-09-09-19-33-41.328028 33 54 24 0
2019-09-09-19-33-41.380818 44 54 24 0
2019-09-09-19-33-41.435390 48 54 24 0
2019-09-09-19-33-41.487975 75 54 24 0
2019-09-09-19-33-41.542307 -44 54 24 0
2019-09-09-19-33-41.590505 -11 54 24 0
2019-09-09-19-33-41.640702 121 44 34 0
2019-09-09-19-33-41.692746 37 44 34 0
2019-09-09-19-33-41.740166 55 44 34 0
2019-09-09-19-33-41.791390 76 44 34 0
2019-09-09-19-33-41.846502 43 44 34 0
2019-09-09-19-33-41.899651 -5 44 34 0
2019-09-09-19-33-41.955664 -42 44 34 0
2019-09-09-19-33-42.006780 23 44 34 0
2019-09-09-19-33-42.055640 12 44 34 0
2019-09-09-19-33-42.119800 3 44 34 0
2019-09-09-19-33-42.171503 -17 44 34 0
2019-09-09-19-33-42.224342 53 44 34 0
2019-09-09-19-33-42.290881 107 44 34 0
2019-09-09-19-33-42.343823 82 44 34 0
2019-09-09-19-33-42.394253 54 44 34 0
2019-09-09-19-33-42.448004 -18 44 34 0
2019-09-09-19-33-42.504483 97 44 34 0
2019-09-09-19-33-42.553322 -42 44 34 0
2019-09-09-19-33-42.609102 2 44 34 0
2019-09-09-19-33-42.661351 -88 47 51 0
2019-09-09-19-33-42.714976 116 47 51 0
2019-09-09-19-33-42.767008 132 47 51 0
2019-09-09-19-33-42.821523 64 47 51 0
2019-09-09-19-33-42.876073 107 47 51 0
2019-09-09-19-33-42.928797 -9 47 51 0
2019-09-09-19-33-42.985227 33 47 51 0
2019-09-09-19-33-43.037082 33 47 51 0
2019-09-09-19-33-43.090697 33 47 51 0
2019-09-09-19-33-43.143007 16 47 51 0
2019-09-09-19-33-43.197413 25 47 51 0
2019-09-09-19-33-43.270602 73 47 51 0
2019-09-09-19-33-43.320869 20 47 51 0
2019-09-09-19-33-43.370717 -14 47 51 0
2019-09-09-19-33-43.422291 16 47 51 0
2019-09-09-19-33-43.471756 21 47 51 0
2019-09-09-19-33-43.521540 26 47 51 0
2019-09-09-19-33-43.573095 6 47 51 0
2019-09-09-19-33-43.641194 -52 54 75 0
2019-09-09-19-33-43.696131 39 54 75 0
2019-09-09-19-33-43.752835 56 54 75 0
2019-09-09-19-33-43.805812 37 54 75 0
2019-09-09-19-33-43.870590 36 54 75 0
2019-09-09-19-33-43.922341 25 54 75 0
2019-09-09-19-33-43.972353 20 54 75 0
2019-09-09-19-33-44.025068 88 54 75 0
2019-09-09-19-33-44.076509 144 54 75 0
2019-09-09-19-33-44.131335 -198 54 75 0
2019-09-09-19-33-44.207459 -216 54 75 0
2019-09-09-19-33-44.258680 -43 54 75 0
2019-09-09-19-33-44.310518 101 54 75 0
2019-09-09-19-33-44.365743 101 54 75 0
2019-09-09-19-33-44.432632 122 54 75 0
2019-09-09-19-33-44.489354 43 54 75 0
2019-09-09-19-33-44.540502 74 54 75 0
2019-09-09-19-33-44.590467 66 54 75 0
2019-09-09-19-33-44.642259 50 44 69 0
2019-09-09-19-33-44.694094 25 44 69 0
2019-09-09-19-33-44.745205 34 44 69 0
2019-09-09-19-33-44.800987 36 44 69 0
2019-09-09-19-33-44.855805 289 44 69 0
2019-09-09-19-33-44.905999 43 44 69 0
2019-09-09-19-33-44.959988 -244 44 69 0
2019-09-09-19-33-45.014759 -210 44 69 0
2019-09-09-19-33-45.068918 -22 44 69 0
2019-09-09-19-33-45.124758 38 44 69 0
2019-09-09-19-33-45.175009 61 44 69 0
2019-09-09-19-33-45.228760 58 44 69 0
2019-09-09-19-33-45.285124 57 44 69 0
2019-09-09-19-33-45.336921 41 44 69 0
2019-09-09-19-33-45.392387 38 44 69 0
2019-09-09-19-33-45.443123 56 44 69 0
2019-09-09-19-33-45.497214 50 44 69 0
2019-09-09-19-33-45.553383 37 44 69 0
2019-09-09-19-33-45.609328 56 51 77 0
2019-09-09-19-33-45.657526 2 51 77 0
2019-09-09-19-33-45.708295 2 51 77 0
2019-09-09-19-33-45.755044 1 51 77 0
2019-09-09-19-33-45.807430 -24 51 77 0
2019-09-09-19-33-45.857314 0 51 77 0
2019-09-09-19-33-45.909662 61 51 77 0
2019-09-09-19-33-45.962191 102 51 77 0
2019-09-09-19-33-46.011484 389 51 77 0
2019-09-09-19-33-46.059884 754 51 77 0
2019-09-09-19-33-46.105206 857 51 77 0
2019-09-09-19-33-46.158564 477 51 77 0
2019-09-09-19-33-46.218998 178 51 77 0
2019-09-09-19-33-46.274147 76 51 77 0
2019-09-09-19-33-46.328540 51 51 77 0
2019-09-09-19-33-46.380893 33 51 77 0
2019-09-09-19-33-46.439183 -12 51 77 0
2019-09-09-19-33-46.486925 -710 51 77 0
2019-09-09-19-33-46.543477 -786 51 77 0
2019-09-09-19-33-46.590794 -756 30 77 0
2019-09-09-19-33-46.639676 -606 30 77 0
2019-09-09-19-33-46.690671 -542 30 77 0
2019-09-09-19-33-46.752010 -300 30 77 0
2019-09-09-19-33-46.804379 -153 30 77 0
2019-09-09-19-33-46.867745 -83 30 77 0
2019-09-09-19-33-46.922630 -13 30 77 0
2019-09-09-19-33-46.970522 23 30 77 0
2019-09-09-19-33-47.023733 97 30 77 0
2019-09-09-19-33-47.077131 112 30 77 0
2019-09-09-19-33-47.130075 98 30 77 0
2019-09-09-19-33-47.179580 117 30 77 0
2019-09-09-19-33-47.243091 115 30 77 0
2019-09-09-19-33-47.290178 133 30 77 0
2019-09-09-19-33-47.340262 135 30 77 0
2019-09-09-19-33-47.392520 145 30 77 0
2019-09-09-19-33-47.443295 134 30 77 0
2019-09-09-19-33-47.495653 128 30 77 0
2019-09-09-19-33-47.549449 129 30 77 0
2019-09-09-19-33-47.603027 196 24 64 0
2019-09-09-19-33-47.656949 105 24 64 0
2019-09-09-19-33-47.722073 43 24 64 0
2019-09-09-19-33-47.770523 84 24 64 0
2019-09-09-19-33-47.818968 103 24 64 0
2019-09-09-19-33-47.871379 60 24 64 0
2019-09-09-19-33-47.925408 99 24 64 0
2019-09-09-19-33-47.974498 326 24 64 0
2019-09-09-19-33-48.022904 -184 24 64 0
2019-09-09-19-33-48.075819 -243 24 64 0
2019-09-09-19-33-48.125008 -18 24 64 0
2019-09-09-19-33-48.175996 2 24 64 0
2019-09-09-19-33-48.224752 99 24 64 0
2019-09-09-19-33-48.280726 65 24 64 0
2019-09-09-19-33-48.333076 84 24 64 0
2019-09-09-19-33-48.386290 76 24 64 0
2019-09-09-19-33-48.432908 99 24 64 0
2019-09-09-19-33-48.487394 99 24 64 0
2019-09-09-19-33-48.532628 37 24 64 0
2019-09-09-19-33-48.581563 77 34 64 0
2019-09-09-19-33-48.637783 27 34 64 0
2019-09-09-19-33-48.684781 39 34 64 0
2019-09-09-19-33-48.735703 117 34 64 0
2019-09-09-19-33-48.787039 65 34 64 0
2019-09-09-19-33-48.834096 12 34 64 0
2019-09-09-19-33-48.885326 -10 34 64 0
2019-09-09-19-33-48.937823 72 34 64 0
2019-09-09-19-33-48.986545 25 34 64 0
2019-09-09-19-33-49.034612 34 34 64 0
2019-09-09-19-33-49.089477 34 34 64 0
2019-09-09-19-33-49.149221 9 34 64 0
2019-09-09-19-33-49.197186 37 34 64 0
2019-09-09-19-33-49.249012 59 34 64 0
2019-09-09-19-33-49.300264 86 34 64 0
2019-09-09-19-33-49.346021 59 34 64 0
2019-09-09-19-33-49.396340 39 34 64 0
2019-09-09-19-33-49.447109 355 34 64 0
2019-09-09-19-33-49.496563 198 34 64 0
2019-09-09-19-33-49.545451 -273 34 64 0
2019-09-09-19-33-49.598667 -179 17 50 0
2019-09-09-19-33-49.649114 16 17 50 0
2019-09-09-19-33-49.706205 16 17 50 0
2019-09-09-19-33-49.753819 67 17 50 0
2019-09-09-19-33-49.803537 68 17 50 0
2019-09-09-19-33-49.853497 59 17 50 0
2019-09-09-19-33-49.900306 49 17 50 0
2019-09-09-19-33-49.949823 35 17 50 0
2019-09-09-19-33-50.021314 21 17 50 0
2019-09-09-19-33-50.070964 26 17 50 0
2019-09-09-19-33-50.119218 25 17 50 0
2019-09-09-19-33-50.170774 24 17 50 0
2019-09-09-19-33-50.221942 34 17 50 0
2019-09-09-19-33-50.269038 18 17 50 0
2019-09-09-19-33-50.321151 29 17 50 0
2019-09-09-19-33-50.371982 59 17 50 0
2019-09-09-19-33-50.416958 44 17 50 0
2019-09-09-19-33-50.474738 68 17 50 0
2019-09-09-19-33-50.526122 33 17 50 0
2019-09-09-19-33-50.573597 50 17 50 0
2019-09-09-19-33-50.629580 32 37 43 0
2019-09-09-19-33-50.691172 38 37 43 0
2019-09-09-19-33-50.746113 35 37 43 0
2019-09-09-19-33-50.807712 32 37 43 0
2019-09-09-19-33-50.859330 -14 37 43 0
2019-09-09-19-33-50.904956 34 37 43 0
2019-09-09-19-33-50.959701 37 37 43 0
2019-09-09-19-33-51.007291 51 37 43 0
2019-09-09-19-33-51.050392 396 37 43 0
2019-09-09-19-33-51.101588 24 37 43 0
2019-09-09-19-33-51.154034 -266 37 43 0
2019-09-09-19-33-51.201010 -133 37 43 0
2019-09-09-19-33-51.254965 -46 37 43 0
2019-09-09-19-33-51.307349 34 37 43 0
2019-09-09-19-33-51.354236 64 37 43 0
2019-09-09-19-33-51.402506 70 37 43 0
2019-09-09-19-33-51.453784 71 37 43 0
2019-09-09-19-33-51.506122 66 37 43 0
2019-09-09-19-33-51.549509 25 47 34 0
2019-09-09-19-33-51.601036 37 47 34 0
2019-09-09-19-33-51.653165 60 47 34 0
2019-09-09-19-33-51.702161 48 47 34 0
2019-09-09-19-33-51.754430 38 47 34 0
2019-09-09-19-33-51.802058 32 47 34 0
2019-09-09-19-33-51.854992 88 47 34 0
2019-09-09-19-33-51.900058 17 47 34 0
2019-09-09-19-33-51.947650 66 47 34 0
2019-09-09-19-33-52.000108 27 47 34 0
2019-09-09-19-33-52.052526 17 47 34 0
2019-09-09-19-33-52.105474 17 47 34 0
2019-09-09-19-33-52.151419 58 47 34 0
2019-09-09-19-33-52.200730 34 47 34 0
2019-09-09-19-33-52.253346 3 47 34 0
2019-09-09-19-33-52.302746 37 47 34 0
2019-09-09-19-33-52.350782 43 47 34 0
2019-09-09-19-33-52.399839 60 47 34 0
2019-09-09-19-33-52.450742 54 47 34 0
2019-09-09-19-33-52.502897 8 47 34 0
2019-09-09-19-33-52.553676 55 47 43 0
2019-09-09-19-33-52.602445 38 47 43 0
2019-09-09-19-33-52.652945 36 47 43 0
2019-09-09-19-33-52.706902 36 47 43 0
2019-09-09-19-33-52.756092 312 47 43 0
2019-09-09-19-33-52.802770 -92 47 43 0
2019-09-09-19-33-52.851702 -259 47 43 0
2019-09-09-19-33-52.902873 -104 47 43 0
2019-09-09-19-33-52.951825 24 47 43 0
2019-09-09-19-33-53.002159 55 47 43 0
2019-09-09-19-33-53.051983 48 47 43 0
2019-09-09-19-33-53.103218 102 47 43 0
2019-09-09-19-33-53.155110 121 47 43 0
2019-09-09-19-33-53.203045 162 47 43 0
2019-09-09-19-33-53.250941 -73 47 43 0
2019-09-09-19-33-53.301025 -58 47 43 0
2019-09-09-19-33-53.352180 -68 47 43 0
2019-09-09-19-33-53.400177 115 47 43 0
2019-09-09-19-33-53.450677 307 47 43 0
2019-09-09-19-33-53.504541 -71 47 43 0
2019-09-09-19-33-53.552403 -121 51 50 0
2019-09-09-19-33-53.601537 -29 51 50 0
2019-09-09-19-33-53.652823 51 51 50 0
2019-09-09-19-33-53.705672 40 51 50 0
2019-09-09-19-33-53.751032 57 51 50 0
2019-09-09-19-33-53.802180 74 51 50 0
2019-09-09-19-33-53.852098 53 51 50 0
2019-09-09-19-33-53.901118 80 51 50 0
2019-09-09-19-33-53.954776 51 51 50 0
2019-09-09-19-33-54.002746 58 51 50 0
2019-09-09-19-33-54.053809 51 51 50 0
2019-09-09-19-33-54.102466 84 51 50 0
2019-09-09-19-33-54.150838 25 51 50 0
2019-09-09-19-33-54.201490 2 51 50 0
2019-09-09-19-33-54.255902 1 51 50 0
2019-09-09-19-33-54.301711 -9 51 50 0
2019-09-09-19-33-54.354414 23 51 50 0
2019-09-09-19-33-54.404664 11 51 50 0
2019-09-09-19-33-54.453401 40 51 50 0
2019-09-09-19-33-54.501915 51 51 50 0
2019-09-09-19-33-54.552781 -5 48 48 0
2019-09-09-19-33-54.600077 10 48 48 0
2019-09-09-19-33-54.652030 6 48 48 0
2019-09-09-19-33-54.704391 11 48 48 0
2019-09-09-19-33-54.754167 32 48 48 0
2019-09-09-19-33-54.805520 32 48 48 0
2019-09-09-19-33-54.877158 74 48 48 0
2019-09-09-19-33-54.930101 -9 48 48 0
2019-09-09-19-33-54.981782 -50 48 48 0
2019-09-09-19-33-55.037037 -88 48 48 0
2019-09-09-19-33-55.088915 91 48 48 0
2019-09-09-19-33-55.145351 107 48 48 0
2019-09-09-19-33-55.197860 -11 48 48 0
2019-09-09-19-33-55.258652 279 48 48 0
2019-09-09-19-33-55.308420 -212 48 48 0
2019-09-09-19-33-55.353498 -354 48 48 0
2019-09-09-19-33-55.401258 -330 48 48 0
2019-09-09-19-33-55.449749 17 48 48 0
2019-09-09-19-33-55.499689 70 48 48 0
2019-09-09-19-33-55.553107 124 35 50 0
2019-09-09-19-33-55.600764 52 35 50 0
2019-09-09-19-33-55.650803 49 35 50 0
2019-09-09-19-33-55.701976 -38 35 50 0
2019-09-09-19-33-55.754886 -52 35 50 0
2019-09-09-19-33-55.820581 -29 35 50 0
2019-09-09-19-33-55.872726 -70 35 50 0
2019-09-09-19-33-55.920944 -42 35 50 0
2019-09-09-19-33-55.971531 -42 35 50 0
2019-09-09-19-33-56.023700 60 35 50 0
2019-09-09-19-33-56.068654 99 35 50 0
2019-09-09-19-33-56.118004 59 35 50 0
2019-09-09-19-33-56.171281 -11 35 50 0
2019-09-09-19-33-56.219263 72 35 50 0
2019-09-09-19-33-56.265377 72 35 50 0
2019-09-09-19-33-56.315096 72 35 50 0
2019-09-09-19-33-56.370269 20 35 50 0
2019-09-09-19-33-56.419979 90 35 50 0
2019-09-09-19-33-56.469866 117 35 50 0
2019-09-09-19-33-56.522256 25 35 50 0
2019-09-09-19-33-56.571418 -88 27 54 0
2019-09-09-19-33-56.621187 -85 27 54 0
2019-09-09-19-33-56.670089 -29 27 54 0
2019-09-09-19-33-56.721394 -29 27 54 0
2019-09-09-19-33-56.780268 20 27 54 0
2019-09-09-19-33-56.834037 25 27 54 0
2019-09-09-19-33-56.886732 38 27 54 0
2019-09-09-19-33-56.935956 67 27 54 0
2019-09-09-19-33-56.987735 65 27 54 0
2019-09-09-19-33-57.037207 16 27 54 0
2019-09-09-19-33-57.087585 99 27 54 0
2019-09-09-19-33-57.138604 -13 27 54 0
2019-09-09-19-33-57.190177 17 27 54 0
2019-09-09-19-33-57.246245 52 27 54 0
2019-09-09-19-33-57.298444 80 27 54 0
2019-09-09-19-33-57.365711 117 27 54 0
2019-09-09-19-33-57.419197 150 27 54 0
2019-09-09-19-33-57.468438 -204 27 54 0
2019-09-09-19-33-57.520821 -180 27 54 0
2019-09-09-19-33-57.568566 41 35 50 0
2019-09-09-19-33-57.620454 89 35 50 0
2019-09-09-19-33-57.673956 84 35 50 0
2019-09-09-19-33-57.719018 92 35 50 0
2019-09-09-19-33-57.769355 92 35 50 0
2019-09-09-19-33-57.816801 0 35 50 0
2019-09-09-19-33-57.868474 69 35 50 0
2019-09-09-19-33-57.921729 50 35 50 0
2019-09-09-19-33-57.970398 4 35 50 0
2019-09-09-19-33-58.016996 22 35 50 0
2019-09-09-19-33-58.070210 96 35 50 0
2019-09-09-19-33-58.122343 32 35 50 0
2019-09-09-19-33-58.170962 11 35 50 0
2019-09-09-19-33-58.219391 20 35 50 0
2019-09-09-19-33-58.270801 -12 35 50 0
2019-09-09-19-33-58.329484 12 35 50 0
2019-09-09-19-33-58.396224 8 35 50 0
2019-09-09-19-33-58.450462 3 35 50 0
2019-09-09-19-33-58.510823 416 35 50 0
2019-09-09-19-33-58.563635 36 44 47 0
2019-09-09-19-33-58.619033 -220 44 47 0
2019-09-09-19-33-58.671506 -114 44 47 0
2019-09-09-19-33-58.720831 4 44 47 0
2019-09-09-19-33-58.771303 89 44 47 0
2019-09-09-19-33-58.822564 60 44 47 0
2019-09-09-19-33-58.879415 61 44 47 0
2019-09-09-19-33-58.931236 57 44 47 0
2019-09-09-19-33-58.985831 57 44 47 0
2019-09-09-19-33-59.033907 -154 44 47 0
2019-09-09-19-33-59.088365 -57 44 47 0
2019-09-09-19-33-59.145270 40 44 47 0
2019-09-09-19-33-59.200269 19 44 47 0
2019-09-09-19-33-59.251455 92 44 47 0
2019-09-09-19-33-59.301934 82 44 47 0
2019-09-09-19-33-59.353707 86 44 47 0
2019-09-09-19-33-59.402791 83 44 47 0
2019-09-09-19-33-59.453841 8 44 47 0
2019-09-09-19-33-59.504422 13 44 47 0
2019-09-09-19-33-59.553682 42 48 57 0
2019-09-09-19-33-59.604370 20 48 57 0
2019-09-09-19-33-59.655161 33 48 57 0
2019-09-09-19-33-59.702147 41 48 57 0
2019-09-09-19-33-59.751835 39 48 57 0
2019-09-09-19-33-59.800646 81 48 57 0
2019-09-09-19-33-59.851549 438 48 57 0
2019-09-09-19-33-59.905510 374 48 57 0
2019-09-09-19-33-59.953815 -283 48 57 0
2019-09-09-19-34-00.003081 -40 48 57 0
2019-09-09-19-34-00.053248 7 48 57 0
2019-09-09-19-34-00.106481 67 48 57 0
2019-09-09-19-34-00.155640 75 48 57 0
2019-09-09-19-34-00.208518 55 48 57 0
2019-09-09-19-34-00.256261 70 48 57 0
2019-09-09-19-34-00.305760 56 48 57 0
2019-09-09-19-34-00.357614 49 48 57 0
2019-09-09-19-34-00.405452 59 48 57 0
2019-09-09-19-34-00.454376 44 48 57 0
2019-09-09-19-34-00.504949 9 48 57 0
2019-09-09-19-34-00.556543 57 38 47 0
2019-09-09-19-34-00.604874 64 38 47 0
2019-09-09-19-34-00.654546 1 38 47 0
2019-09-09-19-34-00.705506 -27 38 47 0
2019-09-09-19-34-00.754905 -28 38 47 0
2019-09-09-19-34-00.801351 -20 38 47 0
2019-09-09-19-34-00.853820 26 38 47 0
2019-09-09-19-34-00.904139 68 38 47 0
2019-09-09-19-34-00.953751 10 38 47 0
2019-09-09-19-34-01.006867 21 38 47 0
2019-09-09-19-34-01.055834 73 38 47 0
2019-09-09-19-34-01.108436 74 38 47 0
2019-09-09-19-34-01.159086 67 38 47 0
2019-09-09-19-34-01.213053 105 38 47 0
2019-09-09-19-34-01.260671 -27 38 47 0
2019-09-09-19-34-01.312358 -22 38 47 0
2019-09-09-19-34-01.364703 24 38 47 0
2019-09-09-19-34-01.421152 -3 38 47 0
2019-09-09-19-34-01.467669 18 38 47 0
2019-09-09-19-34-01.519503 44 40 53 0
2019-09-09-19-34-01.571271 87 40 53 0
2019-09-09-19-34-01.620734 10 40 53 0
2019-09-09-19-34-01.673403 10 40 53 0
2019-09-09-19-34-01.722444 125 40 53 0
2019-09-09-19-34-01.774206 465 40 53 0
2019-09-09-19-34-01.825190 72 40 53 0
2019-09-09-19-34-01.876434 -205 40 53 0
2019-09-09-19-34-01.924130 -105 40 53 0
2019-09-09-19-34-01.977698 -59 40 53 0
2019-09-09-19-34-02.026121 104 40 53 0
2019-09-09-19-34-02.078832 170 40 53 0
2019-09-09-19-34-02.135283 101 40 53 0
2019-09-09-19-34-02.185336 32 40 53 0
2019-09-09-19-34-02.236905 36 40 53 0
2019-09-09-19-34-02.284012 -24 40 53 0
2019-09-09-19-34-02.337402 -29 40 53 0
2019-09-09-19-34-02.390566 -25 40 53 0
2019-09-09-19-34-02.436576 48 40 53 0
2019-09-09-19-34-02.487271 41 40 53 0
2019-09-09-19-34-02.538790 80 40 54 0
2019-09-09-19-34-02.589691 37 40 54 0
2019-09-09-19-34-02.641896 58 40 54 0
2019-09-09-19-34-02.689505 75 40 54 0
2019-09-09-19-34-02.736875 35 40 54 0
2019-09-09-19-34-02.791836 34 40 54 0
2019-09-09-19-34-02.842088 43 40 54 0
2019-09-09-19-34-02.892536 9 40 54 0
2019-09-09-19-34-02.947964 -37 40 54 0
2019-09-09-19-34-03.000410 118 40 54 0
2019-09-09-19-34-03.055596 42 40 54 0
2019-09-09-19-34-03.109390 6 40 54 0
2019-09-09-19-34-03.162104 6 40 54 0
2019-09-09-19-34-03.216282 -4 40 54 0
2019-09-09-19-34-03.268647 35 40 54 0
2019-09-09-19-34-03.324401 51 40 54 0
2019-09-09-19-34-03.378914 54 40 54 0
2019-09-09-19-34-03.441729 23 40 54 0
2019-09-09-19-34-03.488674 20 54 53 0
2019-09-09-19-34-03.539203 -17 54 53 0
2019-09-09-19-34-03.592294 64 54 53 0
2019-09-09-19-34-03.641010 -10 54 53 0
2019-09-09-19-34-03.691142 39 54 53 0
2019-09-09-19-34-03.753441 20 54 53 0
2019-09-09-19-34-03.804238 115 54 53 0
2019-09-09-19-34-03.856977 330 54 53 0
2019-09-09-19-34-03.906135 -229 54 53 0
2019-09-09-19-34-03.958387 -265 54 53 0
2019-09-09-19-34-04.010478 -67 54 53 0
2019-09-09-19-34-04.060410 10 54 53 0
2019-09-09-19-34-04.113424 88 54 53 0
2019-09-09-19-34-04.166765 69 54 53 0
2019-09-09-19-34-04.217834 72 54 53 0
2019-09-09-19-34-04.272995 53 54 53 0
2019-09-09-19-34-04.322240 69 54 53 0
2019-09-09-19-34-04.369741 69 54 53 0
2019-09-09-19-34-04.420632 16 54 53 0
2019-09-09-19-34-04.474296 64 54 53 0
2019-09-09-19-34-04.523148 3 50 53 0
2019-09-09-19-34-04.572486 2 50 53 0
2019-09-09-19-34-04.624662 164 50 53 0
2019-09-09-19-34-04.678742 49 50 53 0
2019-09-09-19-34-04.732172 32 50 53 0
2019-09-09-19-34-04.787049 5 50 53 0
2019-09-09-19-34-04.837628 -8 50 53 0
2019-09-09-19-34-04.886239 74 50 53 0
2019-09-09-19-34-04.936938 75 50 53 0
2019-09-09-19-34-04.989164 57 50 53 0
2019-09-09-19-34-05.041462 18 50 53 0
2019-09-09-19-34-05.088455 32 50 53 0
2019-09-09-19-34-05.138094 22 50 53 0
2019-09-09-19-34-05.188057 35 50 53 0
2019-09-09-19-34-05.241281 220 50 53 0
2019-09-09-19-34-05.292961 51 50 53 0
2019-09-09-19-34-05.348348 -244 50 53 0
2019-09-09-19-34-05.400872 -163 50 53 0
2019-09-09-19-34-05.453556 -18 50 53 0
2019-09-09-19-34-05.503544 103 35 47 0
2019-09-09-19-34-05.553959 139 35 47 0
2019-09-09-19-34-05.604912 -50 35 47 0
2019-09-09-19-34-05.656451 -65 35 47 0
2019-09-09-19-34-05.708092 98 35 47 0
2019-09-09-19-34-05.758334 121 35 47 0
2019-09-09-19-34-05.807866 66 35 47 0
2019-09-09-19-34-05.856545 56 35 47 0
2019-09-09-19-34-05.910523 41 35 47 0
2019-09-09-19-34-05.967292 -28 35 47 0
2019-09-09-19-34-06.021776 233 35 47 0
2019-09-09-19-34-06.072646 182 35 47 0
2019-09-09-19-34-06.122818 88 35 47 0
2019-09-09-19-34-06.176439 88 35 47 0
2019-09-09-19-34-06.228323 36 35 47 0
2019-09-09-19-34-06.278611 69 35 47 0
2019-09-09-19-34-06.330974 42 35 47 0
2019-09-09-19-34-06.384126 44 35 47 0
2019-09-09-19-34-06.439252 36 35 47 0
2019-09-09-19-34-06.489326 -11 27 56 0
2019-09-09-19-34-06.542275 -24 27 56 0
2019-09-09-19-34-06.592684 -70 27 56 0
2019-09-09-19-34-06.644801 6 27 56 0
2019-09-09-19-34-06.697708 38 27 56 0
2019-09-09-19-34-06.750333 86 27 56 0
2019-09-09-19-34-06.806198 49 27 56 0
2019-09-09-19-34-06.853297 5 27 56 0
2019-09-09-19-34-06.903501 -10 27 56 0
2019-09-09-19-34-06.954256 41 27 56 0
2019-09-09-19-34-07.008266 -54 27 56 0
2019-09-09-19-34-07.062990 38 27 56 0
2019-09-09-19-34-07.119186 20 27 56 0
2019-09-09-19-34-07.170878 27 27 56 0
2019-09-09-19-34-07.224811 0 27 56 0
2019-09-09-19-34-07.273016 34 27 56 0
2019-09-09-19-34-07.322966 42 27 56 0
2019-09-09-19-34-07.376587 42 27 56 0
2019-09-09-19-34-07.426098 121 27 56 0
2019-09-09-19-34-07.478839 56 27 56 0
2019-09-09-19-34-07.539150 -23 43 57 0
2019-09-09-19-34-07.589287 26 43 57 0
2019-09-09-19-34-07.639191 24 43 57 0
2019-09-09-19-34-07.689110 -1 43 57 0
2019-09-09-19-34-07.740890 28 43 57 0
2019-09-09-19-34-07.793577 17 43 57 0
2019-09-09-19-34-07.845191 56 43 57 0
2019-09-09-19-34-07.899562 83 43 57 0
2019-09-09-19-34-07.951170 97 43 57 0
2019-09-09-19-34-08.005395 66 43 57 0
2019-09-09-19-34-08.067628 -243 43 57 0
2019-09-09-19-34-08.121582 -88 43 57 0
2019-09-09-19-34-08.175594 32 43 57 0
2019-09-09-19-34-08.227027 11 43 57 0
2019-09-09-19-34-08.279163 34 43 57 0
2019-09-09-19-34-08.334550 48 43 57 0
2019-09-09-19-34-08.389323 49 43 57 0
2019-09-09-19-34-08.439464 70 43 57 0
2019-09-09-19-34-08.492695 92 43 57 0
2019-09-09-19-34-08.544859 38 51 69 0
2019-09-09-19-34-08.607223 38 51 69 0
2019-09-09-19-34-08.654456 35 51 69 0
2019-09-09-19-34-08.703213 43 51 69 0
2019-09-09-19-34-08.755081 358 51 69 0
2019-09-09-19-34-08.808281 -99 51 69 0
2019-09-09-19-34-08.860033 -252 51 69 0
2019-09-09-19-34-08.930245 -204 51 69 0
2019-09-09-19-34-08.987906 20 51 69 0
2019-09-09-19-34-09.039067 76 51 69 0
2019-09-09-19-34-09.093091 48 51 69 0
2019-09-09-19-34-09.145165 29 51 69 0
2019-09-09-19-34-09.207696 32 51 69 0
2019-09-09-19-34-09.260330 12 51 69 0
2019-09-09-19-34-09.315662 16 51 69 0
2019-09-09-19-34-09.370932 10 51 69 0
2019-09-09-19-34-09.421566 67 51 69 0
2019-09-09-19-34-09.474044 67 51 69 0
2019-09-09-19-34-09.527774 21 53 69 0
2019-09-09-19-34-09.579934 21 53 69 0
2019-09-09-19-34-09.637582 22 53 69 0
2019-09-09-19-34-09.688548 17 53 69 0
2019-09-09-19-34-09.740348 24 53 69 0
2019-09-09-19-34-09.797092 60 53 69 0
2019-09-09-19-34-09.851867 45 53 69 0
2019-09-09-19-34-09.906739 48 53 69 0
2019-09-09-19-34-09.953496 53 53 69 0
2019-09-09-19-34-10.003493 29 53 69 0
2019-09-09-19-34-10.056487 35 53 69 0
2019-09-09-19-34-10.107372 29 53 69 0
2019-09-09-19-34-10.154209 55 53 69 0
2019-09-09-19-34-10.208023 -1 53 69 0
2019-09-09-19-34-10.263638 24 53 69 0
2019-09-09-19-34-10.317025 18 53 69 0
2019-09-09-19-34-10.373286 18 53 69 0
2019-09-09-19-34-10.420010 69 53 69 0
2019-09-09-19-34-10.470778 18 53 69 0
2019-09-09-19-34-10.526025 35 67 66 0
2019-09-09-19-34-10.578525 16 67 66 0
2019-09-09-19-34-10.632974 33 67 66 0
2019-09-09-19-34-10.686519 21 67 66 0
2019-09-09-19-34-10.737505 34 67 66 0
2019-09-09-19-34-10.791664 32 67 66 0
2019-09-09-19-34-10.842146 55 67 66 0
2019-09-09-19-34-10.894597 25 67 66 0
2019-09-09-19-34-10.949612 68 67 66 0
2019-09-09-19-34-11.004267 27 67 66 0
2019-09-09-19-34-11.054712 35 67 66 0
2019-09-09-19-34-11.106221 264 67 66 0
2019-09-09-19-34-11.167227 280 67 66 0
2019-09-09-19-34-11.219370 -210 67 66 0
2019-09-09-19-34-11.277105 -210 67 66 0
2019-09-09-19-34-11.331886 -37 67 66 0
2019-09-09-19-34-11.388693 68 67 66 0
2019-09-09-19-34-11.437616 51 67 66 0
2019-09-09-19-34-11.488805 92 57 57 0
2019-09-09-19-34-11.539455 87 57 57 0
2019-09-09-19-34-11.590728 -7 57 57 0
2019-09-09-19-34-11.637930 24 57 57 0
2019-09-09-19-34-11.687069 37 57 57 0
2019-09-09-19-34-11.739819 -13 57 57 0
2019-09-09-19-34-11.789843 22 57 57 0
2019-09-09-19-34-11.840035 21 57 57 0
2019-09-09-19-34-11.890642 180 57 57 0
2019-09-09-19-34-11.941120 -4 57 57 0
2019-09-09-19-34-11.995868 2 57 57 0
2019-09-09-19-34-12.073212 73 57 57 0
2019-09-09-19-34-12.125659 17 57 57 0
2019-09-09-19-34-12.178401 19 57 57 0
2019-09-09-19-34-12.233862 52 57 57 0
2019-09-09-19-34-12.286168 82 57 57 0
2019-09-09-19-34-12.338674 36 57 57 0
2019-09-09-19-34-12.393351 10 57 57 0
2019-09-09-19-34-12.446159 42 57 57 0
2019-09-09-19-34-12.520034 70 57 57 0
2019-09-09-19-34-12.573435 -139 60 56 0
2019-09-09-19-34-12.624805 -104 60 56 0
2019-09-09-19-34-12.673663 -24 60 56 0
2019-09-09-19-34-12.722099 12 60 56 0
2019-09-09-19-34-12.771042 72 60 56 0
2019-09-09-19-34-12.821618 75 60 56 0
2019-09-09-19-34-12.876036 72 60 56 0
2019-09-09-19-34-12.927604 65 60 56 0
2019-09-09-19-34-12.982214 10 60 56 0
2019-09-09-19-34-13.036410 40 60 56 0
2019-09-09-19-34-13.088135 34 60 56 0
2019-09-09-19-34-13.141560 11 60 56 0
2019-09-09-19-34-13.194379 61 60 56 0
2019-09-09-19-34-13.246416 53 60 56 0
2019-09-09-19-34-13.317747 19 60 56 0
2019-09-09-19-34-13.375206 5 60 56 0
2019-09-09-19-34-13.423122 2 60 56 0
2019-09-09-19-34-13.470836 51 64 61 0
2019-09-09-19-34-13.524371 70 64 61 0
2019-09-09-19-34-13.572708 36 64 61 0
2019-09-09-19-34-13.623575 88 64 61 0
2019-09-09-19-34-13.699960 50 64 61 0
2019-09-09-19-34-13.754734 395 64 61 0
2019-09-09-19-34-13.806194 -120 64 61 0
2019-09-09-19-34-13.857458 -219 64 61 0
2019-09-09-19-34-13.908720 -113 64 61 0
2019-09-09-19-34-13.957047 0 64 61 0
2019-09-09-19-34-14.007302 -8 64 61 0
2019-09-09-19-34-14.059380 41 64 61 0
2019-09-09-19-34-14.107558 24 64 61 0
2019-09-09-19-34-14.160433 112 64 61 0
2019-09-09-19-34-14.209383 42 64 61 0
2019-09-09-19-34-14.261094 42 64 61 0
2019-09-09-19-34-14.310321 73 64 61 0
2019-09-09-19-34-14.358924 74 64 61 0
2019-09-09-19-34-14.409958 -6 64 61 0
2019-09-09-19-34-14.455357 64 44 56 0
2019-09-09-19-34-14.501046 88 44 56 0
2019-09-09-19-34-14.552621 88 44 56 0
2019-09-09-19-34-14.603818 0 44 56 0
2019-09-09-19-34-14.651064 54 44 56 0
2019-09-09-19-34-14.701898 17 44 56 0
2019-09-09-19-34-14.753175 21 44 56 0
2019-09-09-19-34-14.802119 -8 44 56 0
2019-09-09-19-34-14.854768 -1 44 56 0
2019-09-09-19-34-14.901778 32 44 56 0
2019-09-09-19-34-14.953606 -7 44 56 0
2019-09-09-19-34-15.000594 40 44 56 0
2019-09-09-19-34-15.051855 33 44 56 0
2019-09-09-19-34-15.104539 34 44 56 0
2019-09-09-19-34-15.156216 10 44 56 0
2019-09-09-19-34-15.203583 27 44 56 0
2019-09-09-19-34-15.251683 10 44 56 0
2019-09-09-19-34-15.301075 25 44 56 0
2019-09-09-19-34-15.353205 41 44 56 0
2019-09-09-19-34-15.405294 68 44 56 0
2019-09-09-19-34-15.450650 51 44 56 0
2019-09-09-19-34-15.498442 -17 43 57 0
2019-09-09-19-34-15.548133 10 43 57 0
2019-09-09-19-34-15.599683 48 43 57 0
2019-09-09-19-34-15.651854 268 43 57 0
2019-09-09-19-34-15.700013 -145 43 57 0
2019-09-09-19-34-15.753608 -186 43 57 0
2019-09-09-19-34-15.804934 -69 43 57 0
2019-09-09-19-34-15.852651 60 43 57 0
2019-09-09-19-34-15.900205 131 43 57 0
2019-09-09-19-34-15.952998 68 43 57 0
2019-09-09-19-34-16.004281 69 43 57 0
2019-09-09-19-34-16.055177 52 43 57 0
2019-09-09-19-34-16.104700 39 43 57 0
2019-09-09-19-34-16.152396 33 43 57 0
2019-09-09-19-34-16.202844 34 43 57 0
2019-09-09-19-34-16.251227 58 43 57 0
2019-09-09-19-34-16.303435 92 43 57 0
2019-09-09-19-34-16.354359 300 43 57 0
2019-09-09-19-34-16.402755 -246 43 57 0
2019-09-09-19-34-16.451184 -87 43 67 0
2019-09-09-19-34-16.502728 2 43 67 0
2019-09-09-19-34-16.553708 66 43 67 0
2019-09-09-19-34-16.603640 56 43 67 0
2019-09-09-19-34-16.655143 85 43 67 0
2019-09-09-19-34-16.699741 -42 43 67 0
2019-09-09-19-34-16.751534 196 43 67 0
2019-09-09-19-34-16.805113 460 43 67 0
2019-09-09-19-34-16.852056 -225 43 67 0
2019-09-09-19-34-16.902124 -113 43 67 0
2019-09-09-19-34-16.954313 54 43 67 0
2019-09-09-19-34-17.003968 550 43 67 0
2019-09-09-19-34-17.052702 -67 43 67 0
2019-09-09-19-34-17.103237 -41 43 67 0
2019-09-09-19-34-17.155186 -99 43 67 0
2019-09-09-19-34-17.200286 6 43 67 0
2019-09-09-19-34-17.254665 6 43 67 0
2019-09-09-19-34-17.305515 32 43 67 0
2019-09-09-19-34-17.353011 67 43 67 0
2019-09-09-19-34-17.403415 56 43 67 0
2019-09-09-19-34-17.455238 43 43 67 0
2019-09-09-19-34-17.503290 18 51 80 0
2019-09-09-19-34-17.555522 18 51 80 0
2019-09-09-19-34-17.613210 -17 51 80 0
2019-09-09-19-34-17.666784 6 51 80 0
2019-09-09-19-34-17.716467 89 51 80 0
2019-09-09-19-34-17.767923 67 51 80 0
2019-09-09-19-34-17.818431 89 51 80 0
2019-09-09-19-34-17.871212 89 51 80 0
2019-09-09-19-34-17.919411 426 51 80 0
2019-09-09-19-34-17.970364 283 51 80 0
2019-09-09-19-34-18.023683 -173 51 80 0
2019-09-09-19-34-18.068207 -135 51 80 0
2019-09-09-19-34-18.117800 -41 51 80 0
2019-09-09-19-34-18.169284 76 51 80 0
2019-09-09-19-34-18.221516 102 51 80 0
2019-09-09-19-34-18.270806 4 51 80 0
2019-09-09-19-34-18.321427 129 51 80 0
2019-09-09-19-34-18.367192 48 51 80 0
2019-09-09-19-34-18.418387 80 51 80 0
2019-09-09-19-34-18.484132 -11 64 74 0
2019-09-09-19-34-18.537977 27 64 74 0
2019-09-09-19-34-18.589690 42 64 74 0
2019-09-09-19-34-18.639024 -27 64 74 0
2019-09-09-19-34-18.690110 -9 64 74 0
2019-09-09-19-34-18.739354 -46 64 74 0
2019-09-09-19-34-18.791015 18 64 74 0
2019-09-09-19-34-18.841203 65 64 74 0
2019-09-09-19-34-18.886941 428 64 74 0
2019-09-09-19-34-18.938951 210 64 74 0
2019-09-09-19-34-19.002390 -281 64 74 0
2019-09-09-19-34-19.052775 -243 64 74 0
2019-09-09-19-34-19.102766 -7 64 74 0
2019-09-09-19-34-19.151711 82 64 74 0
2019-09-09-19-34-19.203526 -1 64 74 0
2019-09-09-19-34-19.254520 105 64 74 0
2019-09-09-19-34-19.300130 44 64 74 0
2019-09-09-19-34-19.356085 44 64 74 0
2019-09-09-19-34-19.404440 44 64 74 0
2019-09-09-19-34-19.454756 129 64 80 0
2019-09-09-19-34-19.505105 23 64 80 0
2019-09-09-19-34-19.554714 257 64 80 0
2019-09-09-19-34-19.604027 97 64 80 0
2019-09-09-19-34-19.656702 -60 64 80 0
2019-09-09-19-34-19.708265 -231 64 80 0
2019-09-09-19-34-19.756514 27 64 80 0
2019-09-09-19-34-19.805800 83 64 80 0
2019-09-09-19-34-19.864416 59 64 80 0
2019-09-09-19-34-19.913797 -5 64 80 0
2019-09-09-19-34-19.965837 82 64 80 0
2019-09-09-19-34-20.020651 76 64 80 0
2019-09-09-19-34-20.066249 66 64 80 0
2019-09-09-19-34-20.117712 75 64 80 0
2019-09-09-19-34-20.170166 57 64 80 0
2019-09-09-19-34-20.218640 29 64 80 0
2019-09-09-19-34-20.269103 -11 64 80 0
2019-09-09-19-34-20.320360 59 64 80 0
2019-09-09-19-34-20.370436 419 64 80 0
2019-09-09-19-34-20.423758 81 64 80 0
2019-09-09-19-34-20.469012 -106 53 69 0
2019-09-09-19-34-20.518114 -14 53 69 0
2019-09-09-19-34-20.567390 19 53 69 0
2019-09-09-19-34-20.617475 38 53 69 0
2019-09-09-19-34-20.669019 11 53 69 0
2019-09-09-19-34-20.723167 43 53 69 0
2019-09-09-19-34-20.768440 60 53 69 0
2019-09-09-19-34-20.819355 -13 53 69 0
2019-09-09-19-34-20.868302 64 53 69 0
2019-09-09-19-34-20.921488 41 53 69 0
2019-09-09-19-34-20.970233 8 53 69 0
2019-09-09-19-34-21.022882 8 53 69 0
2019-09-09-19-34-21.069471 8 53 69 0
2019-09-09-19-34-21.119336 27 53 69 0
2019-09-09-19-34-21.172312 27 53 69 0
2019-09-09-19-34-21.217501 25 53 69 0
2019-09-09-19-34-21.268850 88 53 69 0
2019-09-09-19-34-21.321633 70 53 69 0
2019-09-09-19-34-21.367567 -2 53 69 0
2019-09-09-19-34-21.418338 -34 53 69 0
2019-09-09-19-34-21.468616 8 47 64 0
2019-09-09-19-34-21.518191 32 47 64 0
2019-09-09-19-34-21.570430 56 47 64 0
2019-09-09-19-34-21.622347 -29 47 64 0
2019-09-09-19-34-21.673949 0 47 64 0
2019-09-09-19-34-21.723925 12 47 64 0
2019-09-09-19-34-21.776269 20 47 64 0
2019-09-09-19-34-21.830598 36 47 64 0
2019-09-09-19-34-21.882651 2 47 64 0
2019-09-09-19-34-21.936975 55 47 64 0
2019-09-09-19-34-21.984036 60 47 64 0
2019-09-09-19-34-22.036487 71 47 64 0
2019-09-09-19-34-22.084759 88 47 64 0
2019-09-09-19-34-22.136286 50 47 64 0
2019-09-09-19-34-22.188382 48 47 64 0
2019-09-09-19-34-22.243113 29 47 64 0
2019-09-09-19-34-22.291986 45 47 64 0
2019-09-09-19-34-22.342641 51 47 64 0
2019-09-09-19-34-22.394815 -6 47 64 0
2019-09-09-19-34-22.455284 17 53 67 0
2019-09-09-19-34-22.503269 41 53 67 0
2019-09-09-19-34-22.554158 183 53 67 0
2019-09-09-19-34-22.601584 38 53 67 0
2019-09-09-19-34-22.656313 38 53 67 0
2019-09-09-19-34-22.702563 56 53 67 0
2019-09-09-19-34-22.754308 49 53 67 0
2019-09-09-19-34-22.806761 22 53 67 0
2019-09-09-19-34-22.855154 29 53 67 0
2019-09-09-19-34-22.905260 125 53 67 0
2019-09-09-19-34-22.972461 -25 53 67 0
2019-09-09-19-34-23.023484 27 53 67 0
2019-09-09-19-34-23.073481 18 53 67 0
2019-09-09-19-34-23.122472 19 53 67 0
2019-09-09-19-34-23.167713 33 53 67 0
2019-09-09-19-34-23.218365 -8 53 67 0
2019-09-09-19-34-23.269038 37 53 67 0
2019-09-09-19-34-23.321756 22 53 67 0
2019-09-09-19-34-23.367081 34 53 67 0
2019-09-09-19-34-23.419217 84 48 56 0
2019-09-09-19-34-23.472842 52 48 56 0
2019-09-09-19-34-23.518741 106 48 56 0
2019-09-09-19-34-23.568348 106 48 56 0
2019-09-09-19-34-23.617793 -132 48 56 0
2019-09-09-19-34-23.668167 -26 48 56 0
2019-09-09-19-34-23.721088 24 48 56 0
2019-09-09-19-34-23.769187 91 48 56 0
2019-09-09-19-34-23.820000 59 48 56 0
2019-09-09-19-34-23.870513 59 48 56 0
2019-09-09-19-34-23.920439 66 48 56 0
2019-09-09-19-34-23.970910 34 48 56 0
2019-09-09-19-34-24.020912 33 48 56 0
2019-09-09-19-34-24.072770 29 48 56 0
2019-09-09-19-34-24.121142 29 48 56 0
2019-09-09-19-34-24.168580 43 48 56 0
2019-09-09-19-34-24.221239 98 48 56 0
2019-09-09-19-34-24.272208 4 48 56 0
2019-09-09-19-34-24.326905 -11 48 56 0
2019-09-09-19-34-24.373490 123 48 56 0
2019-09-09-19-34-24.422691 299 48 56 0
2019-09-09-19-34-24.471393 -228 51 56 0
2019-09-09-19-34-24.521489 -180 51 56 0
2019-09-09-19-34-24.574926 -45 51 56 0
2019-09-09-19-34-24.625624 74 51 56 0
2019-09-09-19-34-24.680478 403 51 56 0
2019-09-09-19-34-24.733185 112 51 56 0
2019-09-09-19-34-24.785782 -134 51 56 0
2019-09-09-19-34-24.842759 9 51 56 0
2019-09-09-19-34-24.889918 -2 51 56 0
2019-09-09-19-34-24.938384 87 51 56 0
2019-09-09-19-34-24.990224 59 51 56 0
2019-09-09-19-34-25.042101 88 51 56 0
2019-09-09-19-34-25.087924 -23 51 56 0
2019-09-09-19-34-25.136780 51 51 56 0
2019-09-09-19-34-25.184514 41 51 56 0
2019-09-09-19-34-25.239241 73 51 56 0
2019-09-09-19-34-25.290097 66 51 56 0
2019-09-09-19-34-25.336272 51 51 56 0
2019-09-09-19-34-25.388550 75 51 56 0
2019-09-09-19-34-25.434104 27 48 43 0
2019-09-09-19-34-25.488546 2 48 43 0
2019-09-09-19-34-25.551770 -3 48 43 0
2019-09-09-19-34-25.605242 2 48 43 0
2019-09-09-19-34-25.672758 17 48 43 0
2019-09-09-19-34-25.724196 37 48 43 0
2019-09-09-19-34-25.776449 42 48 43 0
2019-09-09-19-34-25.827772 53 48 43 0
2019-09-09-19-34-25.882200 40 48 43 0
2019-09-09-19-34-25.936291 23 48 43 0
2019-09-09-19-34-25.988249 48 48 43 0
2019-09-09-19-34-26.037577 29 48 43 0
2019-09-09-19-34-26.086781 57 48 43 0
2019-09-09-19-34-26.136223 7 48 43 0
2019-09-09-19-34-26.188631 34 48 43 0
2019-09-09-19-34-26.239783 -14 48 43 0
2019-09-09-19-34-26.291678 8 48 43 0
2019-09-09-19-34-26.338749 35 48 43 0
2019-09-09-19-34-26.387884 19 48 43 0
2019-09-09-19-34-26.440346 -22 57 43 0
2019-09-09-19-34-26.496705 265 57 43 0
2019-09-09-19-34-26.551553 440 57 43 0
2019-09-09-19-34-26.601905 -229 57 43 0
2019-09-09-19-34-26.652839 -97 57 43 0
2019-09-09-19-34-26.705512 -23 57 43 0
2019-09-09-19-34-26.756442 86 57 43 0
2019-09-09-19-34-26.802483 53 57 43 0
2019-09-09-19-34-26.852112 84 57 43 0
2019-09-09-19-34-26.900821 155 57 43 0
2019-09-09-19-34-26.954092 448 57 43 0
2019-09-09-19-34-27.003458 -4 57 43 0
2019-09-09-19-34-27.057291 -211 57 43 0
2019-09-09-19-34-27.108027 -73 57 43 0
2019-09-09-19-34-27.153014 35 57 43 0
2019-09-09-19-34-27.202174 19 57 43 0
2019-09-09-19-34-27.256637 10 57 43 0
2019-09-09-19-34-27.302708 45 57 43 0
2019-09-09-19-34-27.352219 43 57 43 0
2019-09-09-19-34-27.401749 -68 54 51 0
2019-09-09-19-34-27.455338 -68 54 51 0
2019-09-09-19-34-27.503080 -13 54 51 0
2019-09-09-19-34-27.553293 8 54 51 0
2019-09-09-19-34-27.604548 45 54 51 0
2019-09-09-19-34-27.651951 69 54 51 0
2019-09-09-19-34-27.705305 -22 54 51 0
2019-09-09-19-34-27.756208 34 54 51 0
2019-09-09-19-34-27.802680 48 54 51 0
2019-09-09-19-34-27.854405 44 54 51 0
2019-09-09-19-34-27.906961 1 54 51 0
2019-09-09-19-34-27.968157 28 54 51 0
2019-09-09-19-34-28.020175 25 54 51 0
